-377,6597
-394,8285
-394,4367
-384,1292
-1046,658
-1069,627
-1113,79
-1106,19
-1275,111
-1202,755
-1235,493
-1199,783
-209,1358
-200,1477
-199,3775
-140,978
0
0
0
0
0
0
0
0
-953,7206
-983,7805
-967,1381
-993,1349
-907,518
-860,022
-963,2908
-981,3075
0
0
0
0
0
0
0
0
-234,4993
-171,9261
-207,8116
-206,4686
-100,3157
-42,20927
-175,838
-100,2941
0
0
0
0
0
0
0
0
-4,424749
0,07728695
-0,8928875
-98,72207
-92,82567
13,10167
-0,9963746
0,106918
0
0
0
0
0
0
0
0
0
0
0
0
0
0
0
0
0
0
0
0
0
0
0
0
0
0
0
0
0
0
0
0
0
0
0
0
0
0
0
0
0
0
0
0
0
0
0
0
0
0
0
0
0
0
0
0
-1,193291
-0,03223379
-0,220344
0,8601099
-4,172225
51,04408
-1,620472
4,88834
0
0
0
0
0
0
0
0
0
0
0
0
0
0
0
0
0
0
0
0
0
0
0
0
0
0
0
0
0
0
0
0
0
0
0
0
0
0
0
0
0
0
0
0
0
0
0
0
0
0
0
0
0
0
0
0
0
0
0
0
-102,5016
8,838186
-0,4531659
0
0
0
0
0
0
0
0
0
0
0
0
0
0
0
0
0
0
0
0
0
0
0
0
0
0
0
0
0
0
0
0
0
0
0
0
0
0
0
0
0
0
0
0
0
-100,2217
0
0
0
0
0
0
0
0
0
0
0
0
0
0
0
-321,3219
-95,43047
0,337499
-99,63564
0
0
0
0
0
0
0
0
0
0
0
0
0
0
0
0
0
0
0
0
0
0
0
0
0
0
0
0
0
0
0
0
0
0
0
0
0
0
0
0
0
0
0
0
0
0
0
0
0
0
0
0
0
0
0
0
0
0
0
0
0
0
0
0
0
0
0
0
0
0
0
0
0
0
0
0
0
0
0
0
0
0
0
0
0
0
0
0
0
0
0
0
0
0
0
0
0
0
0
0
0
0
0
0
0
0
0
0
0
0
0
0
0
0
0
0
0
0
0
0
0
0
0
0
-2,218194
60,63565
0
4,964853
0
0
0
0
0
0
0
0
0
0
0
0
0
0
0
0
0
0
0
0
0
0
0
0
0
0
0
0
0
0
0
0
0
0
0
0
0
0
0
0
0
0
0
0
0
0
0
0
0
0
0
0
0
0
0
0
0
0
0
0
0
0
0
7,699231
0
0
0
0
0
0
0
0
0
0
0
0
0
0
0
0
0
0
0
0
0
0
0
0
0
0
0
0
0
0
0
0
0
0
0
0
0
0
0
0
0
0
0
0
0
0
0
0
0
0
0
0
0
0
0
0
0
0
0
0
-1,04273
53,24802
0,260814
0
0
0
0
0
0
0
0
0
0
0
0
0
0
0
0
0
0
0
0
0
0
0
0
0
0
0
0
0
0
0
0
0
0
0
0
0
0
0
0
0
0
0
0
0
0
0
0
0
0
0
0
0
0
0
0
0
0
0
0
0
0
0
0
0
0
0
0
0
0
0
0
0
0
0
0
0
0
0
0
0
0
0
0
0
0
0
0
0
0
0
0
0
0
0
0
0
0
0
0
0
0
0
0
0
0
0
0
0
0
0
0
0
0
0
0
0
0
0
0
0
0
0
0
0
0
0
0
0
0
0
0
0
0
0
0
0
0
0
0
0
0
0
0
0
0
0
0
0
-2,216474
0
-1,514485
0
0
0
0
0
0
0
0
0
0
0
0
0
0
0
0
0
-2,063688
-0,9216164
0
0
-2,244082
0
0
0
0
0
0
0
0
0
0
0
0
0
0
0
0
0
0,4424497
0
0
0
0
0
0
0
0
0
0
0
0
0
0
0
0
0
0
0
0
0
0
0
0
0
0
0
0
0
0
0
0
0
0
0
0
0
-0,6324627
0
0
-0,03318921
0
0
0
0
0
0
0
0
0
0
0
0
0
0
0
0
0
1,380785
0
0
-0,8415937
0
3,520171
0
0
0
0
0
0
0
0
0
0
0
0
0
0
0
0
0
0
0
0
0
0
0
0
0
0
0
0
0
0
0
0
0
0
0
0
0
0
0
0
0
0
0
0
0
0
0
0
0
0
0
0
0
0
0
0
0
0
0
0
0
0
0
0
0
0
0
0
0
0
0
0
0
0
0
0
0
0
0
0
0
0
0
0
0
0
0
0
0
0
0
0
0
0
0
0
0
0
0
0
0
0
0
0
0
0
0
0
0
0
0
0
0
0
0
0
0
0
0
0
0
0
0
0
0
0
0
0
0
0
0
0
0
0
0
0
0
0
0
0
0
0
0
0
0
0
0
0
0
0
0
0
0
0
0
0
0
0
0
0
0
0
0
0
0
0
0
0
0
0
0
0
0
0
0
0
0
0
0
0
0
0
0
0
0
0
0
0
0
0
0
0
0
0
0
0
0
0
0
0
0
0
0
0
0
0
0
0
0
0
0
0
0
0
0
0
0
0
0
0
0
0
0
0
0
0
0
0
0
0
0
0
0
0
0
0
0
0
0
0
0
0
0
0
0
0
0
0
0
0
0
0
0
0,8118825
0
0
0
-716,8067
-666,6891
-673,9586
-637,4457
-117,9547
-135,4691
-133,9915
0
0
0
0
0
0
0
0
0
0
0
0
0
0
0
0
0
-329,8342
-313,8322
-276,0215
-317,1779
-381,192
-348,648
-368,0381
-389,8999
0
0
0
0
0
0
0
0
-2,481136
-2,241538
-72,71582
-73,23985
-91,20364
-91,84725
-72,54975
-47,16245
0
0
0
0
0
0
0
0
-81,08244
0
0
0
0
0
0
0
0
0
0
0
0
0
0
0
0
0
0
0
0
0
0
0
0
0
0
0
0
0
0
0
0
0
0
0
0
0
0
0
0
0
0
0
0
0
0
0
0
0
0
0
0
0
0
0
0
0
0
0
0
0
0
0
0
0
0
0
-3,315555
0
0
0
0
0
0
0
0
0
0
0
0
0
0
0
0
0
0
0
0
0
0
0
0
0
0
0
0
0
0
0
0
0
0
0
0
0
0
0
0
0
0
0
0
0
0
0
0
0
0
0,1094129
0
0
0
0
0
0
0
0
0
0
0
0
-1,86722
0
-1,03335
0
0
0
0
0
0
0
0
0
0
0
0
0
0
0
0
0
0
0
0
0
0
0
0
0
0
0
0
0
0
0
0
0
0
0
0
0
0
0
0
0
0
0
0
0
0
0
0
0
0
0
0
0
0
0
0
0
0
0
0
0
0
0
0
0
-1,876136
0
0
0
0
-0,2991852
0
0
0
0
0
0
0
0
0
0
0
0
0
0
-0,3165197
-0,3358574
0
0
-84,14917
-104,1447
-37,40831
-18,9291
-298,8971
-251,287
-243,3409
-268,1288
0
0
0
0
0
-16,65205
0
0
-82,87095
-4,258743
-71,27998
-52,97451
-357,4025
-346,4233
-378,3081
-378,3039
0
0
0
0
0
0
0
0
0
0
0
0
0
0
0
0
0
0
0
0
0
0
0
0
0
0
0
0
0
0
0
0
0
0
0
0
0
0
0
0
0
0
0
0
0
0
0
0
0
0
0
0
0
0
0
0
-64,81186
-52,03483
-84,85715
-75,50976
-204,1885
-16,07592
-210,2263
-175,8094
0
0
0
0
0
0
0
0
-68,27316
-5,656614
-7,93207
-79,31136
6,454279
206,1467
1,099447
2,881244
0
0
0
0
0
0
0
0
0
0
0
0
0
0
0
0
0
0
0
0
0
0
0
0
0
0
0
0
0
0
0
0
0
0
0
0
0
0
0
0
0
0
0
0
0
0
0
0
0
0
0
0
0
0
0
0
-0,7909563
0
0
0
4,896873
215,916
-0,09272812
0,8732895
0
0
0
0
0
0
0
0
0
0
0
0
0
0
0
0
0
0
0
0
0
0
0
0
0
0
0
0
0
0
0
0
0
0
0
0
0
0
0
0
0
0
0
0
0
0
0
0
0
0
0
0
0
0
0
0
0
0
0
0
1,131849
126,5877
0,9071897
0,8795336
0
0
0
0
0
0
0
0
0
0
0
0
0
0
0
0
0
0
0
0
0
0
-0,4614594
-22,59183
0
0
0
0
0
0
0
0
0
0
0
0
0
0
0
0
0
0
0
0
0
0
0
0
0
0
0
0
0
0
0
0
0
0
0
0
0
0
0
0
0
0
0
0
0
0
0
0
0
0
0
0
0
0
0
0
0
0
0
0
0
0
0
0
0
0,5504434
-3,189883
0,168785
0
0
0
0
0
0
0
0
0
0
0
0
-2,720117
-0,3625204
0
0
0
0
0
0
0
0
0
0
0
0
0
0
0
0
0
0
-0,348644
9,41312
0
0
0
0
0
0
0
0
0
0
0
0
0
0
0
0
0
0
0
0
0
0
0
0
0
0
0
0
0
0
0
0
0
0
0
0
0
0
0
0
0
0
0
0
0
0
0
0
0
0
0
0
0
0
0
0
0
0
0
0
0
0
-0,05645141
193,4923
1,037649
8,852431
0
0
0
0
0
0
0
0
0
0
0
0
0
0
0
0
0
0
0
0
0
0
0
0
0
0
0
0
0
0
0
0
0
0
0
0
0
0
0
0
0
0
0
0
0
0
0
0
0
0
0
0
0
0
0
0
0
0
0
0
1,835849
241,3642
12,62173
34,5661
0
0
0
0
0
0
0
0
0
0
0
0
0
0
0
0
0
0
0
0
0
0
0
0
0
0
0
0
0
0
0
0
0
0
0
0
0
0
0
0
0
0
0
0
0
0
0
0
0
0
0
0
0
0
0
0
0
0
0
0
0
0
0
0
0
0
0
0
0
0
0
0
0
0
0
0
0
0
0
0
0
0
0
0
0
-1,546708
0
0
-0,3882527
-1,153933
0
0,3894388
0
0
0
0
0
0
0
0
0
0
0
0
-0,3640567
0
0
0,07054056
0
0
-0,06157861
0,02735754
0
0
0
0
0
0
0
0
0
0
0
0
0
0
0
0
0
0
0
0
0
0
0
0
0
0
0
0
0
0
0
0
0
0
0
0
0
0
0,003746705
0,1567408
-0,0008346337
0
0
0
0
0
0
0
0
0
0
0
0
0
0
-0,02323161
0,07879581
0
0
0
-89,01961
0
0
-0,2330162
0
0
0
0
0
0
0
0
0
0
0
0
-0,09429491
4,520413
0
-0,07414541
0
0
0
0
0
0
0
0
0
0
0
0
0
0
0
0
0
0
0
0
0
0
0
0
0
0
0
0
0
0
0
0
0
0
0
0
0
0
0
0
0
0
2,38079
0
2,89949
0
0
0
0
0
0
0
0
0
0
0
0
0,9561462
0
0
2,571934
112,9899
6,671862
5,168821
-726,0572
-694,2166
-798,4039
-648,9304
0
0
0
0
0
0
0
0
0
0
0
0
0
0
0
0
0
0
0
0
0
0
0
0
0
0
0
0
0
0
0
0
0
0
0
0
0
0
0
0
0
0
0
0
0
0
0
0
0
0
0
0
0
0
0
0
0
0
0
0
0
0
0
0
0
0
0
0
0
0
0
0
0
0
0
0
0
0
0
0
0
0
0
0
0
0
0
0
0
0
0
0
0
0
0
0
0
0
0
0
0
0
0
0
0
0
0
0
0
0
0
0
0
0
0
0
0
0
0
0
0
0
0
0
0
0
0
0
0
0
0
0
0
0
0
0
0
0
0
0
0
0
0
0
0
0
0
0
0
0
0
0
0
0
0
0
0
0
0
0
0
0
0
0
0
0
0
0
0
0
0
0
0
0
0
0
0
0
0
0
0
0
0
0
0
0
0
0
0
0
0
0
0
0
0
0
0
0
0
0
0
0
0
0
0
0
0
0
0
0
0
0
0
0
0
0
0
0
0
0
0
0
0
0
0
0
0
0
0
0
0
0
0
0
0
0
0
0
0
0
0
0
0
0
0
0
0
0
0
0
0
0
-357,1042
-475,1064
-370,6321
-446,4753
-63,07863
-152,4076
-66,26739
-72,49669
0
0
0
0
0
0
0
0
0
0
0
0
-1,118052
0
0
0
0
0
0
0
-2,777826
0
0
0
0
0
0
0
0
0
0
0
0
0
0
0
0
0
0
0
0
0
0
0
0
0
0
0
0
0
0
0
0
0
0
0
0
0
0
0
0
0
0
0
0
0
0
0
0
0
0
0
0
0
0
0
0
0
0
0
0
0
0
0
-1,275496
0
0
0
0
0
0
0
-2,937895
-2,807364
-3,671195
-2,239409
-49,79339
-40,27304
-49,27642
-49,21141
-105,6331
-49,47644
-71,49635
-53,50528
0
0
0
0
0
0
0
0
-64,5654
-1,011582
-4,173265
-6,653615
-77,327
116,8562
-91,94701
-82,30792
0
0
0
0
0
0
0
0
0
0
0
0
0
0
0
0
0
0
0
0
0
0
0
0
0
0
0
0
0
0
0
0
0
0
0
0
0
0
0
0
0
0
0
0
-0,4986662
0
0
0
0
0
0
0
0
0
0
0
0
0
0
0
-1,318795
54,48778
0
0
0
0
0
0
0
0
0
0
0
0
0
0
0
0
0
0
0
0
0
0
0
0
0
0
0
0
0
0
0
0
0
0
0
0
0
0
0
0
0
0
0
0
0
0
0
0
0
0
0
0
0
0
0
0
0
0
0
0
0
0
1,404246
0
0
0
-1,578956
-3,191978
-103,4565
0
-7,387171
-17,6457
-23,51481
-16,25818
0
0
0
0
0
0
0
0
0
0
0
0
-1,508218
-0,7963213
0
-13,93334
0
0
0
0
0
0
0
0
0
0
0
0
0
0
0
0
0
0
0
0
0
0
0
0
0
0
0
0
0
0
0
0
0
0
0
0
0
0
0
0
0
0
0
0
0
0
0
0
0
0
0
0
0
0
0
0
0
0
0
0
-4,41026
-24,13085
-5,751013
-11,12146
-23,00007
-16,49748
-16,55369
-15,11102
0
0
0
0
0
0
0
0
-3,333051
-2,130042
-23,14462
-8,897189
-4,671921E-06
-3,218004E-06
0,06005541
0,9226045
-0,2969674
-0,002558392
-0,2195768
0
0
0
0
0
-1,209349
-0,6416196
0
0
-14,77371
-8,728668
-27,12117
-12,77122
-15,41031
165,4957
-0,8344161
0,1503296
0
0
0
0
0
0
0
0
0
0
0
0
0
0
0
0
0
0
0
0
0
0
0
0
0
0
0
0
0
0
0
0
0
0
0
0
0
0
0
0
0
0
0
0
-0,8240054
-5,578154
-4,999781
17,29006
0
0
0
0
0
0
0
0
-0,4585384
24,177
0
0
44,89343
203,9365
37,10508
69,74332
0
0
0
0
0
0
0
0
0
0
0
0
0
0
0
0
0
0
0
0
0
0
0
0
0
0
0
0
0
0
0
0
0
0
0
0
0
0
0
0
0
0
0
0
0
0
0
0
0
0
0
0
0
0
0
0
5,620032
0
0
0
98,77284
272,4268
111,7346
88,72099
0
0
0
0
0
0
0
0
0
0
0
0
0
0
0
0
0
0
0
0
0
0
0
0
0
0
0
0
0
0
0
0
0
0
0
0
0
0
0
0
0
0
0
0
0
0
0
0
0
0
0
0
0
0
0
0
0
0
0
0
0
0
0
0
-0,08378731
0
0
0
0
0
0
0
0
0
0
0
0
0
0
0
-0,08617142
0
0
0
-0,08383468
-1,491911
-0,5055229
0
0
0
-0,4414824
-0,142657
0
0
0
0
0
0
0
0
0
0
0
0
-2,147673
-1,881788
-2,613574
-1,499778
-0,3986012
0,006548485
0,3021077
0,8049028
0
0
0
0
0
0
0
0
0
0
0
0
0
0
0
0
0
0
0
0
0
0
0
0
0
0
0
0
0
0
0
0
0
0
0
0
0
0
0
0
0
0
0
0
0
0
0
0
0
0
0
0
0
0
0
0
0,3494295
0
0
-0,01425008
1,321969
0,1564631
4,4985
0,4850951
0
0
0
0
0
0
0
0
0
0
0
0
13,93337
202,856
10,5765
-86,52768
0
0
0
0
0
0
0
0
0
0
0
0
0
0
0
0
0
0
0
0
0
0
0
0
0
0
0
0
0
0
0
0
0
0
0
0
0
0
0
-0,1081281
0
0
0
0
1,859517
0
0
0
0
0
0
0
1,050779
0
0
0
0
44,22649
0
0
156,2167
204,1084
271,1617
173,3147
-100,1312
-117,1246
-190,8129
-33,39525
0
0
0
0
0
0
0
0
0
0
0
0
0
0
0
0
0
0
0
0
0
0
0
0
0
0
0
0
0
0
0
0
0
0
0
0
0
0
0
0
0
0
0
0
0
0
0
0
0
0
0
0
0
0
0
0
0
0
0
0
0
0
0
0
0
0
0
0
0
0
0
0
0
0
0
0
0
0
0
0
0
0
0
0
0
0
0
0
0
0
0
0
0
0
0
0
0
0
0
0
0
0
0
0
0
0
0
0
0
0
0
0
0
0
0
0
0
0
0
0
0
0
0
0
0
0
0
0
0
0
0
0
0
0
0
0
0
0
0
0
0
0
0
0
0
0
0
0
0
0
0
0
0
0
0
0
0
0
0
0
0
0
0
0
0
0
0
0
0
0
0
0
0
0
0
0
0
0
0
0
0
0
0
0
0
0
0
0
0
0
0
0
0
0
0
0
0
0
0
0
0
0
0
0
0
0
0
0
0
0
0
0
0
0
0
0
0
0
0
0
0
0
0
0
0
0
0
0
0
0
0
0
0
0
0
0
0
0
0
0
0
0
0
0
0
0
0
0
0
0
0
0
-444,3021
-499,1792
-557,0895
-510,9735
-156,3723
-170,562
-144,6985
-140,1602
0
0
0
0
0
0
0
0
0
0
0
0
-117,4928
-80,35595
-87,86037
-79,53526
-6,699992
0
0
0
0
0
0
0
0
0
0
0
0
0
0
0
0
0
0
0
0
0
0
0
0
0
0
0
0
0
0
0
0
0
0
0
0
0
0
0
0
0
0
0
0
0
0
0
0
0
0
0
0
0
0
0
0
0
0
0
0
0
0
0
0
0
0
0
0
0
0
0
0
0
0
0
0
0
0
0
0
0
0
0
0
0
0
0
0
0
0
0
0
0
0
0
0
0
0
0
0
0
0
0
0
0
0
0
0
0
0
0
0
0
0
0
0
0
0
0
0
0
0
0
0
0
0
0
0
0
0
0
0
0
0
0
0
0
0
0
0
0
0
0
0
0
0
0
0
0
0
0
0
0
0
0
0
0
0
0
0
0
0
0
0
0
0
0
0
0
0
0
0
0
0
0
0
0
0
0
0
0
0
0
0
0
0
0
0
0
0
0
0
0
0
0
0
0
0
0
0
0
0
0
0
0
0
0
0
0
0
0
0
0
0
0
0
0
0
0
0
0
0
0
0
0
0
0
0
0
0
0
-227,5742
-160,9021
-128,2225
-121,0643
-11,88037
-5,951598
-37,34809
-17,84482
0
0
0
0
0
0
0
0
0
0
0
0
-96,43883
-80,40288
-113,8061
-85,76219
0
0
0
0
0
0
0
0
0
0
0
0
0
0
0
0
0
0
0
0
0
0
0
0
0
0
0
0
0
0
0
0
0
0
0
0
0
0
0
0
0,02261139
0
-1,952978
2,017891
0
0
0
0
0
0
0
0
0
0
0
0
-0,04086291
0
0
0
-28,3501
-32,0352
-66,20789
-38,24078
-1,759237
-0,682723
-1,278963
-1,160503
0
0
0
0
0
0
0
0
-0,09354898
0
0
0
1,007434
0,2330685
-0,165872
19,85945
0
0
0
0,9706762
0
0
0
0
-0,3908924
-0,9031792
-0,759725
-0,1144746
-3,891566
-1,967294
-0,2483831
-1,972723
4,882537
0
0,05449199
0,07278068
0
0
0
0
0
0
0
0
0
0
0
0
0
0
0
0
0
0
0
0
0
-1,942825
0
0
-2,02768
0
0
0
0
0
0
0
0
0
0
0
0
0
0
0
0,1354954
-2,298263
0
14,81118
7,760815
0
0
0
0
0
0
0
0
0
1,646145
0
-2,050746
58,14334
-3,27404
-3,007713
15,68174
36,04924
175,3297
31,85468
0
0
0
0
0
0
0
0
0
0
0
0
0
0
0
0
0
0
0
0
0
0
0
0
0
0
0
0
0
0
0
0
0
0
0
0
0
0
0
0
4,079341
0
0
0
0
0
0
0
0
0
0
0
0
0
0
0
1,767107
0
0
0
8,268545
3,804219
164,9799
1,198547
-108,3847
-178,0565
-282,4077
-281,1175
1,22382
0
0
0
0
0
0
0
0
0
0
0
0
0
0
0
4,853047
-1,683442
0
0
0
0
0
0
0
0
0
0
0
0
0
0
0
0
0
0
0
0
0
0
0
0
0
0
0
0
0
0
0
0
0
0
0
0
0
0
0
0
0
0
45,61535
-38,02553
-8,6549
0,4725643
0
0
0
0
0
0
0
0
0
0
0
0
-3,132124
-4,455103
-0,3832062
6,104671
109,967
-23,33197
9,128119
11,91372
109,3393
-5,94957
13,56299
20,01178
0
0
0
0
0
0
0
0
0
0
0
0
190,8763
20,67024
23,90634
42,0918
2,502364
6,83815
16,19624
-74,0159
0
0
0
0
0
0
0
0
0
0
0
0
0
0
0
0
14,70872
0
0
0
0
0
0
0
0
0
0
0
0
0
0
0
0
-7,216877
14,84688
0
148,4466
18,99983
6,516218
28,99505
40,43853
0
0
0
0
0
0
0
0
0
0
0
100,0414
9,018803
1,733952
0,3348427
231,7228
86,93532
75,25096
106,8854
35,9837
-4,21432
-44,83401
169,065
0
0
0
0
8,999865
0
0
0
20,78179
111,5492
10,36234
22,33593
69,5901
89,61407
182,2991
72,40945
27,83578
0
0
0
0
0
0
0
0
0
0
0
0
0
0
0
76,78389
3,468732
1,018681
2,852814
165,8841
2,47227
3,219073
2,016618
24,09141
0
0
0
0
0
0
0
0
-0,49249
0
0
67,08442
11,97619
179,8212
16,19545
234,248
91,0742
149,4908
136,6401
124,7453
6,568712
3,879869
22,03602
12,92273
0
0
0
164,7488
4,992126
12,68521
12,2929
270,6631
166,4822
209,5463
200,8621
244,7715
238,4083
262,4406
215,4179
