-10838,5
-10330
-10410
-10504
-9973
-10620
-9962
-10385
-10366
-10616,5
-10178
-10002
-10532
-11221
-10473
-9995
-10383,5
-11519,5
-10042
-10049
-10509,5
-9962
-11100
-9962
-10587
-10043
-9826,5
-10414,5
-9962
-10197
-9962
-10998,5
-10089
-884
-10738,5
-10822
-10820
-11293
-11014,5
-9877,5
-10278
-10495
-9593,5
-10257,5
-10543,5
-10154,5
-10042
-11126
-10868
-11028
-10963,5
-10145
-9839,5
-10392,5
-10547
-9964
-10174
-9962
-9924,5
-10417
-10913,5
-9889
-9760
628
-9676
-10397,5
-9723
-10056,5
-10452,5
-10202
-10065
-9962
-10385
-10871,5
-10333,5
-10216,5
-10413
-10139,5
-9560
-10162
-10689
-9834,5
-10497,5
-10098
-10031
-10825
-9952,5
-10041,5
-9570,5
-10335,5
-10348,5
-362,5
-9846
-10578
-10111,5
-10354,5
-10046
-10680
-10055
-10093
-10002
-9889,5
-9962
-10710,5
-10446,5
-10280
-9924
-9928,5
48,5
-10126
-10472
-10162,5
-10570,5
-9898,5
-10042
-10422,5
-10042
-9977,5
-10057,5
-10563
-10026,5
-10043
-11120
-10117,5
-9785,5
-9727
-8610,5
-10248,5
-10411
-9832
-10183,5
-9306,5
-11238,5
-10086,5
-9526
-9962
-10136
-10082
-10195
-9358,5
-10022
-9990,5
-10537
-10042
-10006
-10000
-160
-9914
-9169
-10286,5
-10572
-10179
-10362,5
-10113,5
-9424,5
-10263,5
-10042
-10539
-9688,5
-10635
-10961
-9964,5
-9998
-10419,5
-10209,5
-9995
-10269,5
-9375,5
-10042
-9882,5
-10604,5
-9962
-10192
-10741
-10529,5
-11243
-10045
-10244,5
-10791
-10306,5
-9954
-10166
-10088
-87,5
-9802,5
-10125
-10002
-9896,5
-10136,5
66,5
-9962
-10331
-10154
-10205
-10042
-10258
-10379
-9397
-10162,5
1304,5
-10118
-9265
-10181
-10451
-10144
-9646
238
-9800
-10218,5
-9745,5
-10205,5
-10250
-10470
-9954
-9610,5
-10102
-10159
-10506,5
-10095
-10503,5
-10586,5
-10550
-10288
-9736,5
694
-9962
-10464
-9867,5
1849,5
-10030,5
-10224,5
-10042
-10379,5
-10171
-10192
826
-10197
-9961,5
-10173
-9207
-10162
-9548,5
-10599
-10154,5
-9893,5
-8099
-10190,5
-9476
-9897
-9424,5
-10253
-10099
951
-9976
-10687
-10128,5
-10404
-9369,5
-9725
-9391,5
-10414
-9925
-10224
-8934
-9809
-10763
-10217
-10141
-10009
2277,5
-10168,5
-10129,5
-8943,5
-10475,5
-9962
-9799,5
-8577,5
-10376
-10078
-10513
-9604
-9547,5
-10183,5
-9718
-8903,5
445
-9532,5
-10450
-10572,5
-10183,5
-129,5
-10128,5
-9947
-9921
388,5
-9890
-10213,5
-10285
-10128,5
-10208
-10732
-10042
-840
-10154,5
-10231
-9962
-10304,5
-10042
-299
-10007,5
-9816,5
-10045
-9906,5
-9670,5
1390,5
-9726,5
-10119
-10929
-8276,5
-9312,5
-9098
-9427
-8336,5
-9626,5
-8753,5
-9842,5
-10002
-9858
-9219,5
-10129
-10654,5
-10289,5
-9492
189
-9074,5
-9497
-9371
-10224
507,5
-10238
-9765
-9595,5
-9899,5
-10132
-8991,5
-9886
-9886
-10154
-10361
-10064,5
-9662,5
-10051
-10118
-9675,5
-9962
-10319
-10762,5
-10074,5
-9029
-9007
-9760,5
-10237,5
-10363
-9431,5
-10609,5
-8969,5
-10062,5
-9491,5
-10007
-9962
-10045,5
-9962
-9957
-9962
-10034,5
-9637
-9941
-9780
-9962
-10449
-8509,5
-9866
-9094
39,5
-9662
-10100
-8374,5
-104
-9338
-10123
-9761,5
-9573
-9990
-9382
-9903
-10270,5
-10443
1901,5
-9682,5
-10067
-9884
-9516
1430,5
-9656,5
2418
-10085
-10044
-9023,5
-9332,5
-8177
386
-9400
868
-10090
-10200
-9769,5
-8752,5
-9593
-10074
-10029,5
-9855
-9559,5
-9722
-10097
-9509,5
-10372,5
-8807
-10089,5
-10086,5
-8824,5
-9722,5
-9937
-9679
-9962
-10211,5
-9590
1744
844
-10042
-9829
1021
-9804,5
769
-10147,5
1148
2206
-10208,5
-9568
2410
-9589
-9115,5
-10100
-9979,5
-9362,5
1140
-9847
-9636
-10126
-7218,5
-9705,5
-9546,5
-10156
1531,5
1745
443
-9134,5
-10060
-10148,5
904
-9806,5
-10263
1028,5
-9055
-10283,5
-10021
-9049,5
-9977,5
-8450,5
-10082
-10042
-10002
1422,5
-9607
-9129,5
-9562
-8168
-8830
-9537,5
-10039
-9962
-8783,5
-9217,5
-9054
-9962
1522,5
-9510,5
-9962
1798
-9962
52,5
-9270,5
-9962
1770,5
-355
-10082
-10309,5
1958
-10038,5
-9559
-10042
-10033
221
-8460
-9941,5
-9948
-10157,5
-9970
-10202
-9297
-8757
-9825,5
-10706,5
-9144
-10527,5
2484,5
-9901,5
1221
-8107,5
503,5
-10002
-9608,5
262,5
-9274
-9532
-8494,5
2131,5
-8839
-9184
-8591
-8989
-10360,5
-7981,5
-9833
434
472
-9651,5
-10238
-9287
1649
-7673,5
-9761
-9481,5
-9064
-9655
-10189,5
1568
-9922
2201,5
1483
-9989,5
-9331,5
-9203,5
-8304,5
-10170
-7644
1290,5
-8176
-9464,5
-9948
-9207,5
532,5
-8668
-9491
-10071,5
-10134
-9666
-10366,5
-9738
-9550,5
-10248,5
3280
-8044,5
1984
321
-8960,5
-9495
-9808,5
3299,5
-9962
-9715
-8773
579
-8614
-10235,5
-8485,5
1193
1297
1533
-9521,5
740
2623,5
-9128,5
-9901,5
-10122
1871
-9799
813
-8154,5
263,5
-9102
1019
2675
222,5
-9480,5
1083,5
-10300,5
-10087
-9275,5
-9962
-9089,5
-9262
-9284,5
-9923,5
-9403
-8859,5
-9430,5
1247,5
-9623,5
-9259,5
-9689,5
-8482
-9634
-9521
-9447
-9952,5
-9739
-10452
722
2076
-9564
-9383
-8915,5
-9350
-10063
-9659,5
-10424
-8883
-9548,5
-10162
-10046
-8510
-9962
-10143,5
-9488,5
3047
3258,5
-7595
1067,5
-10107
-10027
-8323,5
-8799
-10019,5
-9311,5
-8530
4154,5
-7679,5
1730,5
3097
-8350,5
2853
3173,5
-9503
-9945
-9924,5
-9358
2276,5
-9546
-10288,5
-9678
-10229,5
565
-9985,5
-10135,5
-10137
-10152
-9499,5
-10236
-10000,5
-10258
-9805,5
1964
-9887,5
1907
-10137
1531,5
4062,5
-232
-10130,5
-9916,5
1536,5
-10060
-10178
-10148,5
-9503,5
-9824
-9073
-7018,5
-8502
-8158
-8097
-10031
-9052,5
-9961
-9589,5
-10367
-9936
-10066,5
819
-9883,5
-10180
790
-9986
-9938,5
-10111
-7520
-10141
-10123
-8620
-9237,5
-10125,5
-10010,5
-8797
-8121,5
-7915,5
-9127,5
-9962
1159,5
-10073,5
-8490
-8844
-10010,5
-8256,5
924,5
1075,5
-9507,5
-10079,5
-9929
1213,5
-10082
1590
-7796
-10178
-9939,5
-10132
-10190,5
4251,5
-9099,5
-10598
-7256,5
-9530,5
896
3923
42,5
1249,5
-9847,5
-10093
-10106,5
4499,5
-9717
-10002,5
-8842
-10135
-8945,5
-9872,5
-10255,5
-10823
-10094,5
2216,5
-9815
-10082
-8758
2035
-9246
-9587
2365
-9594,5
-9674,5
-9224,5
-8084
-9920
-8771,5
-8964
-9910,5
-9867,5
-9424
1410
-8581,5
1546,5
-10206,5
-10024,5
-8706
-9511
-9359,5
-9375
-9118
-9812
3009
-9212,5
-10393
-9239
-9133,5
-9698,5
-10000
-9715,5
-9316,5
2072,5
-9497
-8418
-7781
-9634,5
-9953
-10320
971,5
456,5
3779,5
780
-9368,5
-8447
-8825,5
-8868
429,5
-9146,5
4284
-9555
-10042
-8771,5
-9342
-8547
-9737,5
3036,5
-9958
-7590,5
-10082
-8480
-9962
1097
3826,5
2279,5
-10009,5
-10514,5
-9878
-10127,5
-10134,5
865,5
-9538
-9970
-9449
-7610,5
-9775
4243
-8597,5
1545
1961,5
-6648,5
-9119,5
-9411
3043
-9736
-8102
-8474
-10034,5
-9834
-9061,5
-8935
2293
2266,5
-9251
1684
-10473,5
-8996
5017,5
-9462,5
-10282
3558
-7868
-9291
1607
-8650,5
-10216
1155,5
4797,5
-9984
2185
2503,5
-9962
1307,5
-10171
-9364,5
-10562
-10148,5
4771,5
3680
-7162,5
-8494
-9898,5
-9129,5
-10182
1710,5
-9964,5
-9032
443,5
1995
-8429,5
-8409
-9665
-8672
-9854,5
-8843
2950
-10234,5
-9824,5
311,5
-9157
1046,5
-10134
1770,5
-8550,5
-9828
4061
-10327
-10280
-9683
-9782,5
-9513
-9146
4960,5
1481
-9451
-9453
-10353,5
-9577
-9527
-9549
-10631,5
2065
-77
-8857
-9468
-6424,5
-9945,5
-9805,5
-10427,5
1265,5
-9644,5
-9755,5
-9522,5
-9004
-9427
-9623,5
-7141,5
-9137,5
2421,5
757
-7966,5
-9779,5
-9552,5
-8706,5
405,5
-10064,5
-10076
-10438
-9591,5
-9307
-8681
-10007
-10118,5
2024
-10045,5
-8300
2629
1877,5
1560
3173,5
-9570,5
-8846
975
-10707
-9579
-9710
-7917,5
-8473,5
-9322
-9985,5
4234,5
1260
628
-10043
-9265
4516,5
-7430
-8862,5
-10216,5
-7504
559
-9694
2540,5
-7257,5
-8274
2807,5
3185
-7557,5
-7873,5
2888
-8052,5
2456
-7849,5
3840
-9148,5
2473,5
1259
3891,5
3293
3603,5
-8990,5
1892,5
-10160
-7539
4976,5
512,5
-9732,5
1379
-8204,5
-8776,5
-9814
-10002
-9214,5
-9672
614,5
-7699,5
-9372
4367
-8696,5
-8201
-10154,5
-10211
1184,5
-9373,5
-9298
-10205
-9778,5
-9713
-9970
-9815
-10023,5
-10003
3698,5
-9962
-9698
-9911
4260
-9470,5
-9848
458,5
-9456
-10086
987,5
3313
-9929,5
-9699,5
-10081,5
-9643,5
162,5
-9817
-9238
-9534,5
-9408
-9962
-10224
917,5
2064
-9602,5
676,5
795
-9631
-9352
2868
3451
-9413,5
-9620
218
-9830
3921,5
1954
4171,5
4252
-9227,5
-8936
-10132
-9021
-9059,5
2366,5
-9494,5
-9410
-9659,5
-8921
-9818
-8592
-10042
-9897
-8606
-9007
-9920,5
-10464
-8718,5
3667,5
-9269
-8930,5
-9962
3654
-9121,5
-10079
-9449,5
-7663,5
-9561,5
-9474
548,5
-9083
-8646,5
-9691
-9010
-7911
-9841
-9044,5
-9374
-7397
-6576
1734
-7998,5
-8937,5
-10282
-8872,5
3540
-9273
-7803
60,5
-9010,5
-7558,5
1907
-8199,5
-10053,5
1191,5
-8883
-8348,5
-9262,5
-10159,5
1452
3188,5
-7811,5
2395,5
2485,5
3698,5
-7119
1749,5
1950
1618
649
-8345
4898
3395,5
2694
1026
-7471,5
-6720,5
2104,5
1465,5
-9810,5
1545
4567
2072,5
-6899
-7090,5
4796
-9545,5
3375,5
-10059
-9410,5
793,5
-9003,5
4622
2475
2120
1285,5
-8670
-9688
-8595
2496
-9964
1881
-9261,5
4520
1463
-8545
1075
3322,5
4821
-8590
-8596,5
3937
-6416
-8353
-10042
-8811
-8298,5
-9889
3136
3439
-9394
-8899
1515
3778,5
-9122
-9080
-6802,5
-8507,5
-10332
553,5
-8838
391
1615,5
-7066,5
749,5
2218,5
1408,5
-7554,5
-9519
-9900
-7699,5
-8488,5
-9564
1751,5
-9177
-7437,5
-9173,5
1670,5
-9552,5
-5730
1276,5
-9674,5
-7750,5
-9372
485,5
-8453
-8586
-9637
-7885
-8352
-9448
977
-8458
-10092
-9242
-8192
-8816,5
-8445
4539,5
-9633
-8846,5
-8685,5
1315
-8619
1469
3714
-8173,5
2585
586,5
-8725
-9614,5
-8668
5245,5
2575,5
-7484
-9863
-9572
-8891,5
-8833,5
-8447
-8902,5
498
-8948,5
-5454
1583
3162,5
2303,5
-9981
-8917
-9100
-9465,5
-9715,5
377,5
-10039,5
-8028
653
4176
-9458
-10282
2528,5
4594,5
-8880,5
-8924,5
-9290,5
1103
-8227
4466,5
3251,5
1394,5
-9301,5
-8499,5
-8257,5
1563,5
3117,5
4500,5
-7270,5
2017
3673,5
3820
4080,5
-8982
5116,5
-9272,5
-9505,5
-9685,5
-8347,5
-8962,5
-9849,5
-8715
-9791
-9512,5
2205
-7221
-10061
-8165,5
-8290,5
-7944,5
-9413,5
2637
-8885
-6490,5
383,5
-9531,5
4213
-9161
-6621
699,5
4869,5
3726
-9770,5
-8472
-8323,5
-8777,5
-9497
661,5
968,5
2582
1876,5
1229
-9492
2631,5
-9261,5
793
1604
1558
902,5
1000,5
1660
-9182
1554,5
-9681
-9545
5174
-9926,5
-9972,5
732,5
-8352
-7319,5
-8196,5
-9511,5
-9425,5
1620
-9920
3869,5
1869,5
2295
2753
-9145,5
3778
1592,5
3659,5
-8855
871,5
-9044,5
4320,5
3888,5
3445,5
-8676
-8102,5
-8867
-9358
-8986
1207,5
-8905
1460,5
-8609
-7564,5
-9212
-9166
-9066
4518,5
2792,5
-9498,5
-9300
3816
1505
5192,5
665
4995,5
3112
4810
-8772,5
-8655
3539
4052,5
3831,5
-8418,5
3511
-8456
-9227
-9236,5
-9704,5
-9928
-8105
-8318,5
-10482
-10190,5
-10068,5
2184,5
4104
-9142
-9531,5
2781
-9295
-9563
-9685,5
1745,5
-5689
-8360
-8674
-9709
494,5
-9653,5
-9718,5
-9932,5
-7536,5
-9860
3643,5
-9341,5
-9757
4380,5
2705,5
-9522
-9632
-9158
2185
2568,5
-7870
-8341,5
-9491,5
-9364
-9455
-10321,5
-8994,5
-9328
-9682,5
2496
-9224,5
-9046
-9769
-8886,5
-9574
2897,5
-8448
-8638,5
1712
-8828,5
-8435
524,5
-9189,5
-9451,5
-9693,5
-6717,5
-9284,5
-8966,5
-8399
2124
-9030
-8552,5
-9114,5
3510,5
-10364,5
-6217
-10082
-9316,5
-8092,5
-10042
-9805
940,5
1910,5
-8453
3886
187
1358,5
-8921,5
5009,5
2022,5
4539,5
2323
2597
-9192
4468,5
-8235
-9005
-8698
-9758
1669,5
-8561
2116
-8902
3653
4552,5
-9425
-9453,5
-9569
-8708
-8657,5
4663,5
3659,5
-9055
-9921
-8505
-8578
2522
5061,5
-8785,5
-8895,5
-9491
-9043,5
1739
-10002
-9168
1472,5
1601
2395
-7282,5
-7946
4399,5
4391
-9415,5
-9143,5
4961
-6669
-8968,5
3962,5
-8273
-7861
1737,5
2101,5
4274,5
-7978,5
-8328,5
-9537
1643
1330,5
-8985,5
-9413,5
-8940,5
-8669,5
2443
-8927,5
-9130,5
-9957,5
-8281,5
-9017,5
-8864,5
-9721,5
-8923
-7077
-8617,5
3934
4847
-8797
4149
3888,5
-7990
-7647
3752,5
-8217
-5778
4028,5
-9552,5
2471,5
4056
1216
-6468,5
-9511
-7361
5090,5
4266,5
5028
3896,5
-9065,5
3727
4628
4707,5
1454,5
4199
5116,5
4970
-9488
4511
5072,5
-7609
4111
2841
5046
-9701,5
-8867
-9080,5
3536,5
-8687,5
-7192,5
-9963,5
950,5
-8978
4489
-8491
-8837
-9452,5
-9871
-8740
1820,5
1657,5
-8563
-9567
2933,5
-8308
1439,5
-9871,5
1926,5
-9223
-8197,5
-8926,5
-8523
-8537,5
-8114,5
-8231
1907
-7242
-8796,5
-6621,5
2759,5
4963
-8701
-9264,5
-9308
-9657,5
-9392,5
-9397,5
-6141,5
-5378,5
4115,5
-9188,5
-8308,5
2020,5
-9955
4126,5
-9373
-10248
-8640
811,5
-8354
2365
2098,5
1490
-9178
-9702,5
-9747
-9806
-8157,5
-10495
4641,5
-9681
-8494
3562
-7948,5
3977
2672
-6288,5
3402
-8659,5
-9818,5
-9420
-9290,5
-8038,5
-15411
-9776
-8774
3674,5
2495,5
4901
2655
-8297
-7336,5
-6571,5
5355,5
4067
-9810,5
-9235
-9735
-10154
-8576,5
1536
-9314
-10083,5
-9432
-8167
-8257,5
-9550,5
-8435
-9932,5
-9457,5
-9067,5
-9639
-8753
1203
-8076
-8055
1966,5
3879,5
-7476
-8737,5
3614,5
4550
-7720
-7664
3109
5084,5
5051
-10042
3864
5364,5
-6576
1347,5
1465,5
-9258,5
2502,5
5151,5
-8584
2063,5
-7430
1995,5
4678,5
5254,5
4298
-7103
2895
4598,5
-8834
-9262,5
-8461
-8742
3899
-9543,5
1810
4432,5
-9389,5
1296,5
-7768,5
-8812,5
5131,5
-8793
2411,5
2704,5
2242
-8078
-8701,5
2471,5
4370
3779,5
-8523
4984,5
-9467,5
1339
3784
804,5
3769,5
2349
-9243,5
541,5
741,5
4576,5
1007,5
798,5
920
-9966
2088,5
921
1126,5
1067,5
1157,5
-6178
-7681
1855
3938,5
4818
4812,5
4625,5
5008
5467
2855
-9808,5
4456
-9571
-9962
-9680,5
4208,5
1163
1070,5
-9612,5
1445,5
-8898,5
-9584,5
-9208
2092,5
2266,5
1738
-7247
-9571,5
-8165
-8081,5
-9653,5
-9791
-9920,5
1948
-6727,5
3164,5
1844
3816,5
-6828
-8867
-9299
788,5
1319,5
-8002
5452,5
-9074,5
1231,5
2906,5
489,5
-8649,5
1669,5
-8741,5
1353,5
1674,5
3995,5
-9369
-8744,5
-8777,5
-7015
-7516,5
2083,5
2930
3314,5
-6903,5
-8490
3711
-9054,5
-9530
-6650,5
573
-8844
-9684,5
-9077
1261
3375,5
-9764
-9003,5
-9531
-9928,5
3113,5
-10083,5
-8189
-9400
-6760,5
-7895
1836
1707,5
3825,5
3368,5
-10002
1358
5591,5
4063
2753
2387,5
1686,5
4306,5
4438
3202
1539
1812,5
2325,5
3833,5
1166
-9323
3896,5
2979,5
1703,5
1459
808,5
-8694
-7746,5
-9178
2339,5
4610
4847
5358
-8729,5
-8451,5
1497,5
1504
1836
1727
-9693
-9028,5
-9366,5
1518
1399,5
1297
4448,5
-8530,5
-8474,5
-8971
1935
2126,5
-7755
1424,5
1917
4394
-7758,5
-9061,5
5317
-8762,5
4417,5
3562
5204,5
-8851,5
1815,5
-9674,5
-8399,5
-7674
-9625
4135
1938,5
5312,5
5529,5
4404
-9003
-8851
-9719
-9724,5
1379
-9840,5
-9739
4989
-8377
-7720
-9121,5
-8204
2868,5
1551
4290,5
3148,5
-7911
829
3473,5
-8023,5
-7833,5
-8336,5
-8580,5
-8179
-9329,5
-10122
-7818,5
-8247,5
981,5
2789,5
-9043,5
1601
-9473,5
-9229,5
-7003
-8434
-7021,5
4163,5
-7709,5
-8475,5
3499,5
-8110
-9650,5
-9641,5
2832,5
-7143,5
-7319
-9483,5
-10282
-7290,5
-6512,5
-9188
-7855
-7672
-5540,5
-8024
3655
-8986
3478
-7468
-8849
-9723,5
-8203,5
-7931
1375,5
-8805
-7674
4926,5
4709
-7863,5
-10398,5
-9670
-9974
-7928
1599
-8008
2723
-7874
-9566
4537,5
-8761
-9735,5
-8167,5
-6675,5
-8417,5
-9659
-9272
-9674,5
-6306
-8132
-8177,5
-8905,5
-7864
-9693
3532,5
-9619,5
-9304
-7445
-7630,5
-7695
-8295,5
2009
3295,5
1371,5
2548
5076,5
-10244
-9517
-9705,5
5077
-7503,5
-9512
-9136
-9584
-8788,5
-7544,5
-9617,5
-8968,5
-9673,5
-9962
-8428
-8088,5
-9277
-7190
4709
-7491
-9625,5
-9108,5
-10148,5
-10256,5
-9030
-9752,5
-9048
-9105
1143,5
-9545
-9953
-6657,5
-9504
-9662,5
-8919
-9814
-9042,5
-7481
-9139
-7352,5
-7505
-9188
-8721
-9690
-9660
-8350
-7711,5
-8616
-10082,5
4865
-8528,5
-9456
-8378,5
-7977
-8432
-9319
-7407
-9107,5
-9699
-9774,5
-6934
-8236,5
-8980,5
-7141
-6165
-9207
-8808,5
-6857,5
-8831,5
-6913,5
-8176,5
-9679
-9749
-6459
-9333,5
-8392,5
-8991
-6201
-10118
-8490,5
-6543
-9549,5
-8951,5
-6957
-7865
-7784
-7613
-5609
-6989,5
-9570,5
-6800,5
-8694
5223
4003,5
4963
5450
3899
-9963
-7166
5152,5
770
4104
-9741,5
4234,5
4932,5
1290
692,5
423
1206,5
-10000
-9770,5
-9804,5
859,5
-10223
870
288,5
-9895
-10042
546,5
391
570
-9895
932
-10205,5
2437,5
-9961,5
770
1048
3862,5
3996,5
1116
4131
1310
1949,5
1113,5
584,5
-9971
1136,5
5280,5
1460,5
-9317
1734
1622,5
-7612
601
1103
-9590,5
1498
4527
-8929,5
608
1420,5
4790,5
-6398,5
4779
4615
4687,5
-9507,5
4256,5
-7909,5
-8011
1607,5
-8716,5
-9614
-9608
-8875
-9489
-9591,5
-9387,5
-9736,5
-7107,5
-9672
-9476,5
-9643,5
-9752
-9603,5
-8224,5
-8050
-9648
-9613
-9210,5
-8618,5
-9679
-9703,5
-9673
-9561
-9593
-9763
-9739
-9591,5
-9723
-8683,5
-9441
-9561
-9627,5
-9475
-9402
-8885
-9647
-9479
-9167
-9833
-7674,5
-8559,5
-9601
-9529
-9518
-9532,5
-9058
-9536
-9639,5
-8529,5
-9574
-8666,5
-9737
-8157
-7908
-9688,5
-9421,5
-8063,5
-7270
-6825,5
-7201,5
-7996
-8564,5
-8660,5
-8581,5
-9435
-9164,5
-8838,5
-7969,5
-9510,5
-9656,5
-9633
-9442,5
-9608
-8183,5
-8049
-9128
-8748,5
-8974
-9329
-8698
-9549
-9545,5
-9580
-9792
-9594
-9218,5
-8838,5
-9556
-8124
-9590
-9323
4004,5
-9516
-9365,5
-8754,5
-8452
-9705
-9635
-9324,5
5458,5
-9825
2250,5
-8421,5
-7284,5
-9630,5
-10039
-9318
-9588
-9678
-9359,5
-8535
-9530,5
5193
-8881,5
-9723
-9751
-8250,5
-7522,5
-7160
-9660
-7844,5
-8829
-6972
-9484,5
-9611,5
-8672
-8772,5
-9449
-9578
-7485
-9577,5
-6984
-9705,5
-9616,5
4600
-7793,5
-8352,5
583,5
-9614,5
-9608
-9570,5
2229,5
-7427,5
-9439
-8936
-8916,5
-7135,5
-6827
1491
-9406
-9510,5
-9672,5
-7018
-8297,5
-6627,5
-8614
-8614
-9622
-8404,5
-9962
-8473,5
-9562
-9033,5
-9501,5
-8869
-7765
-8663,5
-8761,5
-9653
-8027
-8814
-9624
-7589,5
-6910
-7353,5
-8108,5
1057,5
-8441,5
-9673
2492,5
-8493,5
-7371,5
-9670,5
1627
-8215,5
-9254,5
-9754
-9486
5741
-9028,5
-5177
-8803,5
-8345,5
2054
908
1496,5
989,5
-8569
1472
1455
1154,5
1469
3826
1562,5
599
-9877
-9580,5
3895,5
3488
-9345
2231,5
1351
5317
1691
1055
1990
979
1664,5
1384,5
5368
4441,5
-8331,5
-9875
4116
3134,5
-8377,5
4656,5
3620
3309
918
989
1956,5
4681,5
2147,5
-9736
5196,5
1418,5
-8725,5
1394
4885,5
2067
1952,5
1892
5560,5
2072
2635
5315,5
-8392
-9753
5035,5
-9422
1084,5
-8312
-9807,5
-9653,5
3396
-9679,5
-9779,5
-9672
-9783
-9754
-9743
-9822
1337
1209
1159
4398,5
1070
5103,5
5232,5
4869,5
3809,5
4812,5
5337
4435
3094
1877,5
-6228,5
-9685,5
3668
-7166,5
-9734
1731
4004
4948,5
2696,5
3310
1245,5
2733
-8416
5474
-7419,5
-9003,5
-8608,5
-8475
5183
-7700,5
5458
-8644
301,5
1825
-8701,5
1450,5
2039
5105
-8150
5400,5
-7735
5035,5
4919,5
1253
4811,5
1082,5
-8472
-8334,5
5780
1662
4024
-6907,5
-8669,5
1616,5
2894
5176,5
-8636
-9038
-8743,5
-8188,5
-8508
-8506,5
2483
-7748,5
2772,5
-8274
-8222,5
3232
3514
-8564
5685,5
788,5
-7917,5
-8722,5
2542
4835,5
-9591
-8623
5445
-5541
-9431
-8354
1050
2171
-8629,5
3256,5
2459
4655,5
1186,5
2616,5
1149
3067
-7899
4800
-9121,5
2014
-8579,5
-8279,5
1714,5
5220,5
5412
5170
4647,5
5395,5
2023,5
3942
-8809
-9477
5136,5
3996,5
1795
2064,5
4246,5
5313
4810
2462,5
5488
5385
4851
-8944
1413,5
-8497,5
2170,5
-8616
-9046,5
5443
5564,5
5308,5
-8783,5
3276,5
5527
-7929
-8891,5
-6837
5101,5
4895,5
-8681
-9083,5
-9138
-9671
839
3217
1002,5
1163,5
1335,5
1441
-9434,5
1263,5
-8758
1312
1044
958,5
-10206
859
832
782,5
1370,5
1345
3883,5
5386,5
1093
-9444
400
1636,5
3948,5
673
1229,5
2284
-10018
364,5
839,5
1009,5
-7881,5
963
4834
4781,5
-9357,5
5105
-8205,5
3510,5
4936
4853
-7657
-7215,5
-8617
-8813
-8824
-8096,5
-8968,5
-9561,5
-9437
-9513
-9587
-9670
-9691
4560
-9444
-9485
-9614
1109
-7962
-9290
-8891,5
1494,5
-9593
-7499,5
-9698,5
-6960
1509,5
-9584,5
-9569
-8875
-9570,5
-9434
-9252,5
-9028,5
-8875
-9738,5
-9566,5
-9803
-8264
-8871
-9626
-7772,5
-7115
-9540,5
-8245
-9609,5
-9672
-9593
-9654
-8726
-9655,5
-8533
-9760,5
-9025,5
-9556
-8855,5
-9444
-9714
-9762,5
-9644
-9500
-8924,5
-8990,5
-9575
-9640
-9465
-9628
-8791
-7197,5
-9567
-9551
-9544
-8357,5
-9540,5
-9672
-9023
-9671,5
-8421
-9007,5
5523,5
-8472
-9507
-8719
-9507
-9427
-9481,5
-9533,5
-9656,5
5343
-9584
-7432
-8937,5
-8691
-7633
-8043
-9546
-6275
-9505
-9511,5
-5203,5
-9266
-9572
-9256,5
-9557,5
-9427
-9507
-9715,5
-9350
-9584
-9476,5
-9595
-8553
-7994
-9036,5
-8859
-9478
-9716,5
-9603,5
1918
-9585,5
-9650
-9639
1789,5
-9676,5
-9693,5
-7923,5
-9805,5
4849
-8410,5
3245,5
-8888
-9672
-9610,5
-9432
-8645
-9635
-9634,5
-9627
-7411
-9642
-9729
-8755
-8077
-7593,5
-9420,5
-8381
-9056,5
-7011
-6005
-5475
-8931
-9793,5
-7710
-9311
-9768,5
3144,5
-9396,5
1158
-9597
4286,5
921,5
5072
-8038
5032,5
5113,5
5031
5311,5
-6842
-7539
-7693,5
-8242
4786
-7780
-8357,5
-7843,5
5542,5
-8172
-8268
-5745,5
3783,5
-6630,5
-8028,5
-8274
5199
-8159,5
4591
-6498,5
-9546,5
-9582
-9596
-9748,5
-8795
-9153,5
-8923
-9532,5
-9729
-8616,5
-9397
-9421
-9650,5
-9439,5
-8868,5
-7686,5
-9752
-9777
-6978
-9465
-5534
4841,5
-9696
-8768
-8789,5
-9706
-8619,5
-9581
-8486,5
-9531
-6459
-7428
-10009
-9147
-9678,5
-9483,5
-9619
-8861
-8599,5
-9530
-9574
-9675,5
-8018
-8862
-9534
-9611,5
-8998,5
-9561
-8957
-9414
-8407,5
-9488
-8090
-9523,5
-9602
-9577
-9630,5
-7800,5
-8722,5
-9567
-9479,5
-8736
-8966,5
-8527
-8918,5
-8722
-7745
-9569
-9089
-9785
-9706
-9634
-9633
-8607,5
-9533,5
-8713,5
1488,5
-9594
-9777
-9669
-9626
-9561,5
-8947
-8930,5
-9346
-9635
-8875
-9113
-9574,5
-9403,5
-9693
-9797
-9634
-9680
-9689
-9742
-9725
-9448,5
-9678
-9471
-9657
-9321
-9570,5
-9717,5
-9431,5
-9663,5
-9920,5
-9792
-9776,5
-9513,5
-9881
-9622
-9594
-9712
-9731
-9590
-9489
-9686
-9646
-9114,5
-9686
-9603,5
-9546
-5340
-8612
-9637
-9775,5
-9696
-8889,5
-9660
-7554,5
-9707
-8633,5
-9636,5
-9634
-9592
-8766
-9594
-9640,5
-9628
-6384,5
-9571
-9794
-9693
-9566,5
-8168,5
-9520
-9567
-9572
-9636
-9716
-9478,5
-9632
-9566,5
-8696,5
-9675
-9494,5
-6902
-9520
5096
-9366,5
5236
-9957
-9493
980
5064,5
1028,5
715,5
3701
4997
926
3273
4252,5
4025
-9901
3816
1220,5
3932,5
834,5
4138,5
2889,5
2929
2084
-9309
-9700,5
739
2749
-9693
-9627,5
-6381
-8417,5
-9653
-9902,5
-9787
-9752,5
-9832,5
-8043
-8666,5
-9732
-9854,5
-9737
-7090,5
-9812
-9580
-9665,5
-9545,5
-9860
-9820,5
5593,5
-8543
1763,5
-9091,5
1746
-10014,5
-9745
-9634,5
-9820,5
-6804
-6330,5
-6250
-6673
-9192
4640
1237,5
-8841
5077,5
4793,5
-8304,5
-8670,5
3718,5
4237,5
3842
-8024
-7254,5
4480,5
4056,5
4454,5
4267
4200
4262,5
4604
4569,5
5061
4837,5
4852
5177
4943,5
4963
4362,5
1369
-8380,5
5025
5077
5445,5
5175,5
5211
5264,5
5611,5
-7533
4383
5428
5492,5
4286
5412
4222
-8548,5
5445
5453
-6370
-8051
-7275,5
-9518,5
1291,5
-7724,5
-7961
-7956,5
-7050
-7711,5
-7831
-8095,5
4439,5
-9502
-8807
-8050,5
-8069,5
4923
5260
5088,5
5347,5
5113
-6580
-7365,5
-8623
-6810,5
4923,5
-9157,5
5310
5405
5761
5788
5872
5865,5
4229
5214,5
5159,5
5353
5669,5
5547
-7235
2710,5
5389
-8515,5
1205
4840
-5967,5
-8294
-9046,5
5516
4603,5
853
5380
-8327
2439
5462
2811,5
2225
1698
-8017
-10042
4938
-6336,5
2054,5
2635
2491,5
2459,5
2974,5
5466,5
-7157,5
3117
2362
2805
3094
4203,5
-8039
-8326
2716,5
2609,5
3181,5
2381,5
-7891,5
5648
1947
4333
5547
2400
-7917,5
2661,5
2843,5
4753,5
-8141
2277,5
1755,5
1340,5
5144,5
3089,5
1383,5
5520,5
2826
5494
5370
5393
5247,5
2764
1245
5286
5133
1981,5
5564,5
5242,5
897,5
-7936,5
-9209,5
-6947,5
-8715,5
-6017
4612
-7648
-9262,5
-9691,5
-9514
-9710,5
-9220,5
-7540,5
-8954,5
-9232
-8529
-9673,5
-9516
-8887
-9624
-9653
-10042
-7780
-9616,5
-8613,5
-8161,5
-9823
3936
-9145
-9636
-9711
-9583,5
-9516
-9668
-9794
-8728,5
-9504,5
4641,5
-9563
-9763
-8931
-7919
-6663
-8579
-8212
-8190,5
-8316
-8805
-7120
-9618,5
-8852
-9640
-9580,5
-9087,5
-9153,5
-8393,5
-8898,5
-8352
-9110
-7498,5
-8828,5
-7962,5
-9645
-9586
-9714
-9429,5
-9610,5
5051,5
-8565
-9523
-8595
-9504
-7658,5
-9587,5
-8191
-8439,5
-9633
-9579
-8997
-8087,5
-9579,5
-9773,5
-9135
-8050,5
-9571
-9564
-9612
-9679,5
-9604
-9575,5
-7732
-7754
-9625,5
-9078,5
-8820
-9624,5
-7679,5
-9685
-8661,5
-9614
-9802
-8055,5
-9535,5
-9725
-9641,5
-9683
-9648
-8677,5
-9627,5
-9846,5
-8956,5
-8824,5
-9401,5
-9753
-9757,5
-9533,5
-9833
-7943,5
-9657,5
-7831,5
-10082
-9542,5
-5473
-9570
-9575,5
-9752
-9467,5
-9706,5
-9663
-8972,5
-9066
-9018
-7995
-8318
-9509,5
-9620
-9673
-9244,5
-8704,5
-8066,5
-9643
-9666
-9633
-9666
-9736,5
-9632
-9706
-9610,5
-9588
-9274
-9716,5
-9513,5
-9064,5
-9598
-8638
-9598,5
-9488
-9531,5
-9061,5
-9398
-9644
-7482,5
-8774
-9633
-8879
-9588
-9581
-8915,5
-8987
-7018
1390
-8975,5
-9658,5
-8606
-8695,5
-7445
-9513
5254
-7979,5
-8419,5
-7949
-8066
-5980
-8143
-8709
-8666,5
-9471
-8566,5
-8897,5
-9209
-9762,5
-8309
-8653
-6966
-9497,5
-9579,5
-8652
-9435,5
-9587
-8767
-9499,5
-9184,5
-9587,5
-7301,5
-8902
-9580
-7984,5
-8660
-7826
-8724
-8363,5
-7621
-7805,5
-7678,5
-8875
-9467
-6948
-8845,5
-9625,5
-7609
-9583,5
-9760
5002,5
-9514,5
-7107
-7850,5
5606,5
-8187
-8578
-8610
-9516
-9632
-9060,5
-9475,5
-9584
-9560,5
5341,5
710,5
1116,5
3330
-9621,5
-9881
897,5
-9625,5
4419,5
5421
5289,5
5225
-9601
5000,5
5367,5
-5433,5
-9525
-7467,5
-7977,5
-9601
-8876,5
-7481,5
-8023,5
-8946,5
-8742
-9674
-7978,5
-9695,5
-8025,5
-8994,5
-9723
-8977
-9625,5
-7348
-9652
-8805
-9706
-9459,5
-9763
-9579,5
-9611,5
-9632
-9466,5
-9713
-9803
-9560,5
-9023
-9549
-9131
-9566
-9580
-9545,5
-10033,5
-7022,5
-9530
-7993
-8984
-9644,5
-8843
-7168,5
-8153,5
-9672,5
-9543
-9277
-7470
-9544
-9712
-9705
-9651,5
-8616
-9559,5
-9638,5
-9648,5
-8717,5
-9633
-9011
-9676
-9714
-9089,5
-9794
-9618
-9632
-8020,5
-9636,5
-9463,5
-8676,5
-8692
-9548
-9593
-9795,5
-8069
-9478
-9763
4859
-9602,5
-7977,5
-9626
-9350,5
-9479
-9118
-9024
-9607
-9554
-8987,5
-9672
-9649,5
-9683,5
-9305
-5396,5
-9440,5
-8782
-9675
-7867,5
-9096,5
-7731
-9084,5
-9670,5
-9425
-7589,5
-9520,5
-8220,5
-9543
-9497,5
-9553
-9715
-9649,5
-9365
-8726,5
-9478
-7553,5
4900
-8823,5
-8823
-8265,5
-8710,5
-9587
-7474,5
-8771,5
-8676
-10042
-9006
-9435,5
-9672,5
5109,5
-9528
-8765,5
-9413,5
-7914
-8071,5
-8967
-7245,5
-8991
-7982
-9792
-9537,5
-9675,5
-8802
-9602
-9586
-9549,5
-8824
-8916,5
-8097,5
-9567
-9501,5
-9593,5
-9655
-9670,5
-9701
-8891
-8915
-9540
-8921,5
-9591,5
-9531,5
-9568,5
-9536,5
-9625,5
-8906,5
2535
-7811,5
3098,5
3022,5
2994,5
-6804
-8072
5741,5
4142
3340
5527
5573
3395,5
5899
3637
3610,5
4001
4595
4647,5
5223,5
3831
-8286
2783
2946,5
2766,5
2793,5
2537,5
3109
3158,5
4798,5
3104
4659,5
2450
2292
3223,5
4174
4210
-9058
810,5
979
794,5
874,5
974,5
910
691
881
1066
883,5
1083
4000
4579
2863,5
-9215
1018
823,5
5259,5
5338
5110,5
4980,5
-9406
-7234
-8957
-9527
-9528
-9645,5
-7900
-9679
-8420
-7864,5
-9585,5
-8577,5
-8227
-8447,5
-9573
-9414,5
-8100
-9610
-9529
-9582
-8757,5
-9527,5
4337
-8911
-9360,5
-9490
-9593,5
-8128
-8603,5
-7852
-8604,5
-9134
-9592,5
-9538
-8067
-7411,5
-6788
4712
5235,5
5563
5222
5321,5
5300,5
-9356
-9557
-9405
-9523
-8994,5
-9546
-7602
-9630
-7912,5
-8414
-8916,5
-8912,5
-9598,5
-9488
-7116
-7539
-7194
-8065
-9434
-9554,5
-8582
-6535
-9602
-9725
-9579
-9565
-8955,5
-9625
-8204,5
-9557
-6395,5
-8223,5
-9563
-9612,5
-9554
-8924
-9535
-9605
-9613
-9673
-9619
-9664,5
-9137
-8724,5
-9451
-9614
-9706
-9627,5
-9702
-8638
-9711,5
-9621
-8693
-9505,5
-8290,5
-9569
-9611,5
-9700
-9547,5
-9752
-9018,5
-8765
-8937,5
-9632
-9133
-9555
-9699
-9053
-7936,5
-9091
-9277
-8270,5
-8846,5
-9585,5
-8973,5
-8035
-9560
-8352
-9581
-9483
-9112,5
-9765
-9610
-7970
-9609,5
-9632
-9639
-9646
-9626
-9522
-8899,5
-9755,5
-9646
-9746
-9637
-9615
-9600
-9652
-9843
-9651,5
-9586
-8880
-8809
-9714,5
-9506
-9603
-9638
-9582
-9507
-9788
-9650
-9565
-9521,5
-9472,5
-9523
-9166,5
4555
1414
911,5
712
786,5
1019,5
883
1105,5
-9463
1433,5
789
1019
695,5
3286,5
-9933
-8839
764
5436,5
3583
1971,5
1297
824,5
-9962
715,5
4057
-9978,5
744,5
921
-9797
-9714,5
5556
5243,5
-9712
-9626
-9673
-9711
-9712
-9633
-9683,5
-9645
-9706,5
-9692
-9752
-9763
-9629
-9765
-9628
-9557,5
-9643
-9785
-9854,5
-9608
-9703,5
-9671,5
5673,5
-9794,5
-9612
-9783,5
-9737,5
-9481,5
-9644,5
-9693
-9739,5
-9700,5
-9771
-9567
-9451,5
-9702,5
-9607
-9568
-9685
-9401
-9650,5
5088,5
-9593
-9638,5
-9174
5415,5
-9628
-9589
-9525,5
-9715
-9604,5
-9614
-9608
-9712
-8884,5
-9720
-9612
-9642,5
-9682
-9561,5
-9644
-9644
-9532
-9170
-9706
-9615
-8944,5
-9676,5
-9626
-9252
-9707,5
-9730,5
-9627
-8741
-9615,5
-8911,5
-9684
-9590
-9101
-9611
-9678,5
-9623,5
-9673,5
-9699
-9538,5
-9666
-9672
-9576,5
-9645,5
-9666
-9639
-9626
-9723
-9676,5
-9752
-9671,5
-9634
-9645,5
-9712,5
-9646
-9463
-9622,5
-9731
-9651,5
-9514
-9715
-9642,5
-9570,5
-9655,5
-8251,5
-9667
-8993,5
-9638
-5946,5
-5751
4812
5190,5
-5861,5
-7645
5302
5550
1647
695,5
898
3800,5
885
-9353
882,5
823,5
3969,5
4823,5
1664,5
-4139
-9904,5
3897,5
3545
-9982
5458,5
929
-9904
-10017,5
-9943
-9848
4786,5
1431
1606
4182,5
1401,5
4111,5
-9684,5
-9946
3921,5
-10077
4219
1556,5
-9881
-9823
-9757
-9988,5
5397
5487,5
2359
-9467,5
-9688,5
5419
-9466,5
5189
-9649,5
-9645,5
-6878,5
-9484
-9686
-9593
-8101
-8599,5
-9605,5
-9730,5
-7994,5
-9598
-9586
-9513
-8055
-9554
-7844
-9673
-9625
-9710,5
-8016,5
-8220,5
-7941
-9516
-7951,5
-7941
-8018
-6598,5
-9451,5
-9673
-9502
-9546,5
-9607
-9624
-9551,5
-9440
-7592,5
-9497,5
-10188
5012
4643
-8772
5535
5368,5
5719
5601
5177
-7728
5269,5
-7317
5104,5
5720
-6327
5482,5
5269
5560,5
5385,5
5542,5
5647,5
5534
4534
5644,5
5317,5
5360
5681
5317
5569,5
5375
5195,5
5192
5294
5682,5
5148,5
5753,5
5395,5
5441,5
5713
-9354,5
5519,5
5493
5540,5
-6735
5159
5315,5
5352,5
4951
-5730,5
5672
4956,5
5441,5
-7052,5
5579,5
-6154,5
5487
5616,5
-7426,5
5203
5554,5
-9372
5173,5
5643
5405,5
5356,5
5493,5
5451
5040
4563,5
5365,5
5544
5485
5401
5453,5
5025
-6040
5100,5
5028
5395,5
-7293,5
5444
-5871,5
5497
5580
5534,5
5528,5
5728,5
5585,5
5433,5
5429,5
5581,5
-8377
5221,5
5464
5254,5
5553,5
5236,5
5619,5
5495,5
5556,5
5418
5519
5360
-7413
5769
-9104
5231,5
-9037,5
4941
5691
5175
5769,5
5766
5409
5314,5
5149
5678
5677,5
5766,5
3874,5
5357
5390
5445,5
5553
5213
5533,5
5675
5545
5560,5
5252
5646,5
5614,5
5392
5302
5396,5
5471
5589
4937
5297,5
5481,5
5501,5
5442
5197
5064
5405,5
-7465
-6957,5
5604
5577,5
-9539,5
5152,5
5597,5
5192,5
-9216,5
5636
4992
4800
4118,5
-8543,5
4113
-8310,5
-8131,5
-8017,5
3604,5
-8355
-8987
5550
-8051,5
-8148,5
2470
-8023
2447
2357
-8186,5
2766
2661
3651,5
2543
4822,5
5025
2699,5
2598
2388,5
2761,5
-6132
2989,5
2658
2769
3245,5
-7989
2669,5
2683,5
2514
3212,5
1912
3355
4848,5
5834
2932
5687
5729
5509
5558,5
5304
5556
-9817,5
5586
-6268
5636,5
5707,5
5543,5
5447,5
4393,5
5616
5506,5
5349,5
4672,5
-5339,5
5220,5
-5971,5
5199
5427
5335
5556,5
5500,5
5614
5462
5390,5
-8519
5481,5
5414,5
5490,5
-6724
5574
-5872,5
5522,5
5407,5
5475,5
-6264,5
5266,5
5505,5
5395,5
5557
5532,5
5409
5311,5
5671,5
5219
5498
5363
-6332,5
5350,5
5511,5
-8225
5104,5
5592
5620
1340,5
1176,5
-9982,5
-9999
1705,5
1477
-9926
744
3082,5
3896,5
4998
1511,5
776
-9833
974,5
5517
5910
5844,5
4604,5
1268,5
5635,5
3109
-8186
-8502,5
2598
-7862
-7400,5
-8482,5
-7615,5
-7246
-8150,5
2471
-5587,5
-7944,5
-7645,5
5555
3091,5
1906
5358
5414
-7952,5
3091
-9792
-7751,5
-7627,5
2725
3934,5
-7893
2688
3046,5
-9906
2931
3162
4847,5
-9747
5253
5535,5
-9206,5
-8981
-9067
2099,5
-9071
5452
4582
-9322,5
-9329,5
-9236
-7107,5
-9584,5
4493
1152
4812,5
-6378,5
4345,5
-9819
-6344
-7212
-7050
-9190
-9476,5
-9379,5
-7839,5
-6427,5
-9607
1394
-9564
-8225
-9646
-9468,5
-9508,5
-7316,5
-7558,5
3844
-6336,5
-9406
-8406,5
4914,5
-7337
-6649
-6829
5096
-7854,5
-8740
4997
4419,5
-7743
-9660,5
-8432,5
-9740,5
-8743,5
-8609,5
-7782,5
-7757
-7229
-8711
4934,5
-9764,5
-7634,5
-7952
-8847,5
-8737
-8656
-8952
-8252,5
-8788
-8661
-7197,5
-8889
-8836,5
-8857,5
5114,5
-8401,5
-8660,5
4849
5247
-9798,5
-7826,5
-7153,5
-8724
-8634
-8791,5
-8847,5
-8810
-7914,5
-8865
-5811,5
-6003,5
5109,5
-9759,5
5310
-8302
-8516
-8893
-8865,5
-9761
-8829
-8591,5
-8055
5100,5
4778
-5882,5
-8011
-7666,5
-7007
1634,5
4935
-8851
-8539,5
-9526,5
-9118
-8854
-8988,5
-7152,5
-8263,5
-6590,5
-7438,5
-8587
-7687
-8558,5
-7456
-8571
-8541
-8743,5
-7327,5
-7718,5
4972,5
-8585,5
-8568,5
4491,5
-7064,5
-8898,5
4921
4965,5
-6650,5
-8875,5
4538,5
-8840,5
-8621,5
-6254
-5652,5
-9135
-9504
-8557,5
-8832
-8806
-7296
-8480
-8901,5
-8749
4813
-9787,5
-8516
-8681
-6649
-6968
-8754,5
-8479,5
-8518
-7074
-8988
-8872
-8812,5
-8573,5
-8920,5
-5978,5
-7241
-8387
-7262,5
-7543,5
4665
-8024
-9609,5
4954
-7546
5333
-7968
-7540
-8880
-8034,5
-6770
-7642
-8852
-8770
-9342,5
-7177
-8334
-9435,5
4773,5
-7308,5
-7795,5
-7705
-7740,5
5029
-7658
-7921
-9442,5
-8927
-5537,5
-8212,5
-7525,5
-7732
-8779
-7918
-8705
-6882
-7950
-9284,5
-8467
-8757
-7379
-8596,5
-5707
-6880,5
-7427,5
5268,5
4987
-7791
-8984,5
4699,5
-7422,5
-7873,5
-8688
-9372
-8655,5
-8393
-8706
-9324,5
-8607,5
-6345
-8503
-7334
-9179,5
-9477,5
-8822,5
-8674
-8685,5
4968,5
4449,5
-8920,5
-9330,5
-6267
-7642
5017
5191,5
5253
5244
5116
5098,5
-7448
-6812
4875
5243,5
-6308
-7335
5323
5013,5
5333
-5719,5
5238
5258
5018
4783,5
5067
-6201
5153
-5518
-6365
-5490
-8094
-5864,5
5069
4912,5
-6181,5
-5859
-7873
-6542
4700,5
-5753,5
-6418
-6646
4728
5119,5
5507,5
5295
5266
5547,5
5362,5
-6266,5
-6411,5
5233,5
-5702
5217
-6765,5
-8038
-6071
-6307
5527,5
-7986
-6246,5
-7158
5264
4952,5
5290
-6525,5
-5745
-5707,5
-5954
-6817,5
-6584,5
-9223,5
-7998
5001
-9066,5
-7130,5
5121,5
-6681,5
-5598,5
5246
-5632,5
4870
-7916
5036
5220,5
5114
5162
-8163,5
5429
-8269
5322,5
5351
5164,5
5313,5
5598,5
5396
5032,5
5159,5
4942,5
-7116
5158
4820
5273
-6137,5
-5746,5
-9722
-7829,5
5376
5216,5
5026
5479,5
-5984,5
-8017
5619
5056
5591
5398,5
5425,5
-8131
5181
5617
5471
5376
-7634
5084
-7564,5
5559
5498,5
5388
5166
5397,5
4932,5
-6119
5407,5
-8058,5
5275,5
5261
5030,5
4988,5
5307,5
-5911,5
-8131
-9565
5319
-6049,5
-6313
5425,5
5479,5
5454,5
5380,5
4947,5
5037
5485
5465
5473
4931,5
-8273,5
-9740,5
5520,5
2004,5
-8046
-7683
-8732,5
5034,5
5166
-7097,5
-9196
-7799
5529
-8908
5122,5
5410,5
-8157
-7418,5
5230,5
5087,5
-7065
4758
5212,5
5291,5
-6182
5158,5
5226
-7954
-9080
5091
5265
-7557
4697
-5772
-5899,5
5434
4987,5
-8986,5
5213
-5311
-9583
4792
-8829,5
-8763
-9585,5
-8043
-8070,5
4458,5
-9503
4835
5101
-9651
-8400
-8996
-9522
-9188,5
-9032,5
-7767,5
-8264,5
4906
-7063
-7890,5
-7925,5
-7148
4770
-9173,5
-9053
-9563
4645
-6328
5607,5
5597
5736,5
5699
5695
4846
5502
5671
5775
-8441,5
5697
1641
4996
5304
5776
5697
5775
5679
5699
5778
4638,5
-8070,5
5432,5
5699
-6346
-9552,5
4893,5
-9657
-9561
-8657,5
-9616,5
-9565
-9452
-8951
-9666
-8848
-9348,5
-9633
-7542,5
-9535,5
-9492
-9504,5
-9069,5
-8989
-5681
-8543,5
-9488
-9643,5
3937
-8113,5
-9638
-9100,5
-9531,5
-9084
-9543
-9683,5
-9496,5
-9263,5
-9752
-9646
-8503
-7803,5
-9603
-8983
-7744
-9021
-7798,5
-7961,5
-8534
-8981,5
-8486
-7318,5
-9185
-9456,5
-7547
-8172,5
-9065
-9678
-9410,5
-9650
-9489
-9524
-8799
-9535
-9491
-9602
-9530,5
-9520
