-1465,041
-1479,613
-1475,021
-1371,031
-1416,067
-1455,79
-1135,666
-1079,545
-1108,969
-325,2052
-346,1475
-299,3181
0
0
0
0
0
0
-1062,038
-912,2031
-1081,383
-1377,56
-1195,32
-1406,852
0
0
0
0
0
0
-302,2858
-126,2758
-165,836
-626,7357
-396,8634
-596,6406
0
0
0
0
0
0
-117,9098
-163,6369
-274,3851
-464,3107
50,67565
-372,8874
0
0
0
0
0
0
0
0
0
0
0
0
0
0
0
0
0
0
0
0
0
0
0
0
0
0
0
0
0
0
0
0
0
0
0
0
0
0
0
0
0
0
0
0
0
-103,5688
176,1355
-92,51882
0
0
0
0
0
0
0
0
0
0
0
0
0
0
0
0
0
0
0
0
0
0
0
0
0
0
0
0
0
0
0
0
0
0
0
0
0
0
0
0
0
0
0
0
0
-7,497433
-112,8024
25,06956
0
0
0
0
0
0
0
0
0
0
0
0
0
0
0
0
0
0
0
0
0
0
0
0
0
0
0
0
0
0
0
0
0
0
0
0
0
0
0
0
0
0
0
0
0
-185,5385
-191,5503
-155,2444
-125,5757
0
0
0
0
0
0
0
0
0
0
0
0
0
0
0
0
0
0
0
0
0
0
0
0
0
0
0
0
0
0
0
0
0
0
0
0
0
0
0
0
0
0
0
0
0
0
0
0
0
0
0
0
0
0
0
0
0
0
0
0
0
0
0
0
0
0
0
0
0
0
0
0
0
0
0
0
0
0
0
0
0
0
0
0
0
0
0
0
0
-3,70838
0
0
-84,11433
-14,00127
48,87188
0
0
0
0
0
0
0
0
0
0
0
0
0
0
0
0
0
0
0
0
0
0
0
0
0
0
0
0
0
0
0
0
0
0
0
0
0
0
0
0
0
0
-104,0411
0
0
-9,049484
122,2769
0
0
0
0
0
0
0
0
0
0
0
0
0
0
0
0
0
0
0
0
0
0
0
0
0
0
0
0
0
0
0
0
0
0
0
0
0
0
0
0
0
0
0
0
0
0
-10,95833
165,0107
13,44669
0
0
0
0
0
0
0
0
0
0
0
0
0
0
0
0
0
0
0
0
0
0
0
0
0
0
0
0
0
0
0
0
0
0
0
0
0
0
0
0
0
0
0
0
0
0
0
0
0
0
0
0
0
0
0
0
0
0
0
0
0
0
0
-2,578887
0
0
-2,575628
0
0
0
0
0
0
0
0
0
0
0
0
0
0
0
0
0
0
0
0
0
0
0
0
0
0
0
0
0
0
0
0
0
0
0
0
0
0
0
0
0
0
0
0
0
0
0
0
0
0
0
0
0
0
0
0
0
0
0
0
0
0
0
0
0
0
0
0
0
0
0
0
0
0
0
0
0
0
0
0
0
0
0
0
0
0
0
0
0
0
0
0
0
0
0
0
0
0
0
0
0
0
0
0
0
0
0
0
0
0
0
0
0
0
0
0
0
0
0
0
0
0
-99,51804
76,76083
0
0
0
0
0
0
0
0
0
0
0
0
0
0
0
0
0
0
0
0
0
0
0
0
0
0
0
0
0
0
0
0
0
0
0
0
0
0
0
0
0
0
0
0
0
0
0
0
0
0
0
0
0
0
0
0
0
0
0
0
0
0
0
0
-1,286273
-1,947628
0
-1,100047
0
0
0
0
0
0
0
0
0
0
0
-1,100263
0
0
-1,077227
-2,113442
0
0
0
0
0
0
0
0
0
0
0
0
0
0
0
0
0
0
0
0
0
0
0
0
0
0
0
0
0
0
0
0
0
0
0
0
0
0
0
0
0
0
0
0
-0,7301481
0
-0,8146358
0
0
0
0
0
0
0
0
0
0
0
-0,67907
1,821198
0
0
0
0
0
0
0
0
0
0
0
0
0
0
0
0
0
0
0
0
0
0
0
0
0
0
0
0
14,25316
0
0
0
0,3173712
0
0
0
0
0
0
0
0
0
0
0
0
0
0
7,415857
22,30993
-1253,462
-1216,402
-1280,905
-837,1332
-882,6658
-900,089
-151,6151
0
0
0
0
0
0
0
0
0
0
0
-852,3317
-944,6036
-835,702
-789,7172
-653,083
-653,4656
0
0
0
0
0
0
-150,6014
-102,0336
-75,27467
-248,9919
-174,6317
-192,6395
0
0
0
0
0
0
0
0
0
-66,26129
-1,909166
-102,7748
0
0
0
0
0
0
0
0
0
0
0
0
0
0
0
0
0
0
0
0
0
0
0
0
0
0
0
0
0
0
0
0
0
0
0
0
0
0
0
0
0
0
0
0
0
-1,405547
-9,6668
0
0
0
0
0
0
0
0
0
0
0
0
0
0
0
0
0
0
0
0
0
0
0
0
0
0
0
0
0
0
0
0
0
0
0
0
0
0
0
0
0
0
0
0
0
0
0
0
0
0
0
0
0
0
0
0
0
0
0
0
0
0
0
0
0
0
0
0
0
0
0
0
0
0
0
0
0
0
0
0
0
0
0
0
0
0
0
0
0
0
0
0
0
0
-2,052626
0
0
-2,628522
0
-100,3611
-20,68633
0
0
0
0
0
0
0
0
0
0
0
-57,97997
-160,6338
0
-47,14819
-163,2971
-151,7413
-576,0455
-584,8962
-583,5339
0
0
0
0
0
0
-113,4002
-189,8829
-129,9647
-316,4854
-303,1282
-354,6945
0
0
0
0
0
0
0
0
0
-145,4231
33,58292
0
0
0
0
0
0
0
0
0
0
0
0
0
0
0
0
0
0
0
0
0
0
0
0
0
0
0
0
0
0
0
-301,2657
-309,3714
-277,8429
-524,8818
-360,8275
-359,8757
0
0
0
0
0
0
-79,59096
-6,728697
-67,88707
-194,7108
175,8886
-61,83072
0
0
0
0
0
0
0
0
0
0
0
0
0
0
0
0
0
0
0
0
0
0
0
0
0
0
0
0
0
0
0
-0,824618
0
-1,679623
0,3381153
-1,328749
0
0
0
0
0
0
-1,884627
15,50016
0
18,85661
197,0122
17,41536
0
0
0
0
0
0
0
0
0
0
0
0
0
0
0
0
0
0
0
0
0
0
0
0
0
0
0
0
0
0
0
0
0
0
0
0
0
0
0
0
0
0
0
0
0
-8,775002
216,3223
26,85304
0
0
0
0
0
0
0
0
0
0
0
0
0
0
0
-66,3434
0
-40,31796
0
0
0
0
0
0
0
0
0
0
0
0
0
0
0
0
0
0
0
0
0
0
0
0
0
0
0
0
0
0
0
0
0
0
0
0
0
0
0
0
0
0
0
0
0
-1,650565
-1,300292
0
-10,24425
-43,62204
-23,20883
0
0
0
0
0
0
0
0
0
-16,54721
-1,174523
-1,074766
-4,163523
0
0
0
0
0
0
0
0
0
0
0
13,16166
0
0
0
0
0
0
0
0
0
0
0
0
0
0
0
0
0
0
0
0
0
0
0
0
0
0
0
0
0
0
0
0
0
0
0
0
0
0
0
0
0
0
0
0
0
0
0
0
210,5259
0
0
0
0
0
0
0
0
0
0
0
0
0
0
0
0
0
0
0
0
0
0
0
0
0
0
0
0
0
0
0
0
0
0
0
0
0
0
0
0
0
0
0
9,378455
0
0
60,59699
213,147
9,58792
0
0
0
0
0
0
0
0
0
0
0
0
0
0
0
0
0
0
0
0
0
0
0
0
0
0
0
0
0
0
0
0
0
0
0
0
0
0
0
0
0
0
0
0
0
0
0
0
0
0
0
0
0
0
0
0
0
0
0
0
0
0
0
0
0
0
0
0
-0,6227626
0
0
0
0
0
0
0
0
0
-35,93459
-25,70049
-10,775
-1,715904
-2,910996
-0,8491554
0
0
0
0
0
0
0
0
0
0
0
0
0
0
0
0
0
0
0
0
0
0
0
0
0
0
0
0
0
0
0
0
0
0
0
0
0
0
0
0
0
0
0
0
0
-0,06220833
-2,970448
0
0
0
0
0
0
0
0
0
0
-0,1783052
11,51346
0
0
0
0
0
0
0
0
0
0
0
0
0
0
0
0
0
0
0
0
0
0
0
0
0
0
0
0
0
0
0
0
0
0
0
0
0
0
0
0
0
0
0
0
0
0
29,6141
168,8557
8,321009
-936,3381
-966,8876
-1007,719
-29,12749
0
0
0
0
0
0
0
0
0
0
0
0
0
0
0
0
0
0
0
0
0
0
0
0
0
0
0
0
0
0
0
0
0
0
0
0
0
0
0
0
0
0
0
0
0
0
0
0
0
0
0
0
0
0
0
0
0
0
0
0
0
0
0
0
0
0
0
0
0
0
0
0
0
0
0
0
0
0
0
0
0
0
0
0
0
0
0
0
0
0
0
0
0
0
0
0
0
0
0
0
0
0
0
0
0
0
0
0
0
0
0
0
0
0
0
0
0
0
0
0
0
0
0
0
0
0
0
0
0
0
0
0
0
0
0
0
0
0
0
0
0
0
0
0
0
0
0
0
0
0
0
0
0
0
0
0
0
0
0
0
0
0
0
0
0
0
0
0
0
0
0
0
0
0
0
0
0
0
0
0
0
0
0
0
0
-0,1430483
0
0
-567,9263
-575,5626
-496,884
-167,8698
-331,364
-261,0858
0
0
0
0
0
0
0
0
0
-228,5132
-214,3497
-248,7439
-38,25529
-139,269
-50,38658
-155,0153
-194,5934
-213,465
0
0
0
0
0
0
0
0
0
-11,92921
-32,20565
0
0
0
0
0
0
0
0
0
0
0
0
0
0
0
0
0
0
0
0
0
0
0
0
0
0
0
0
0
0
0
0
0
0
-126,6919
0
0
0
0
0
-33,71862
-6,256653
-62,44786
-403,6869
-416,7652
-392,4375
-356,4869
-278,3664
-300,1458
0
0
0
0
0
0
-51,3691
-59,81216
-34,91491
-68,69991
144,121
-39,23515
0
0
0
0
0
0
0
0
0
0
0
0
0
0
0
0
0
0
0
0
0
0
0
0
0
0
0
0
0
0
0
0
0
0
-0,8759399
0
0
0
0
0
0
0
0
0
0
-0,9548746
202,405
-0,1362889
0
0
0
0
0
0
0
0
0
0
0
0
0
0
0
0
0
0
0
0
0
0
0
0
0
0
0
0
0
0
0
0
0
0
0
0
0
0
0
0
0
0
0
0
0
-0,06784315
23,2445
-2,2011
-9,898365
-100,4344
-24,03552
-4,108546
-40,69696
-49,0486
0
0
0
0
0
0
0
0
0
-21,89523
-28,74687
-40,53957
0
0
0
0
0
0
0
0
0
0
0
0
0
0
0
0
0
0
0
0
0
0
0
0
0
0
0
0
0
0
0
0
0
0
0
0
0
0
0
0
0
0
-1,339549
0
0
-9,40724
-69,30617
-39,88072
-31,9095
-38,47454
-101,6039
0
0
0
0
0
0
-1,887006
0
0
-1,023976
0
0
-18,69753
-21,95192
0
0
0
0
-1,765362
-7,073274
-25,19498
-120,2348
-103,3564
-101,424
-47,87069
113,3359
-25,03156
0
0
0
0
0
0
0
0
0
0
0
0
0
0
0
0
0
0
0
0
0
0
0
0
0
0
0
0
0
0
-18,01676
-14,98368
-24,10995
-0,388896
41,5413
-0,6179451
0
0
0
0
0
0
-13,25452
-8,67727
-13,14268
-63,04083
178,5559
104,4341
0
0
0
0
0
0
0
0
0
0
0
0
0
0
0
0
0
0
0
0
0
0
0
0
0
0
0
0
0
0
0
0
0
0
0
0
0
0
0
0
0
0
13,60005
43,61867
0
102,2917
220,4062
164,5311
0
0
0
0
0
0
0
0
0
0
0
0
0
0
0
0
0
0
0
0
0
0
0
0
0
0
0
0
0
0
0
0
0
0
0
0
0
0
0
0
0
0
0
0
0
0
0
0
-0,1426804
-146,277
-1,222953
0
0
0
0
0
0
0
0
0
3,266004
0
0
11,68971
-35,48231
-0,6956957
-3,751631
-18,75605
-10,16467
0
0
0
0
0
0
0
0
0
-43,04885
-54,06259
-46,87997
-9,240657
-20,15608
-10,32997
0
0
0
0
0
0
0
0
0
0
0
0
0
0
0
0
0
0
0
0
0
0
0
0
0
0
0
1,317055
0
0
0
0
0
0
0
0
0
0
0
0,4516791
0
0
0
0
5,802021
-1,044925
-0,9196347
0,3284936
0
0
0
0
0
0
0
0
0
7,02274
85,42709
10,58254
0
0
0
0
0
0
0
0
0
0
0
0
0
0
0
0
0
9,745605
0
0
0
0
0
0
0
0
0
84,61224
-0,07513657
0
47,32964
0,4186258
0
0
0
0
0
0
0
0
0
0
22,55325
0
121,9753
153,0059
212,3511
196,2294
-305,5653
-395,7202
-453,4641
0
0
0
0
0
0
0
0
0
0
0
0
0
0
0
0
0
0
0
0
0
0
0
0
0
0
0
0
0
0
0
0
0
0
0
0
0
0
0
0
0
0
0
0
0
0
0
0
0
0
0
0
0
0
0
0
0
0
0
0
0
0
0
0
0
0
0
0
0
0
0
0
0
0
0
0
0
0
0
0
0
0
0
0
0
0
0
0
0
0
0
0
0
0
0
0
0
0
0
0
0
0
0
0
0
0
0
0
0
0
0
0
0
0
0
0
0
0
0
0
0
0
0
0
0
0
0
0
0
0
0
0
0
0
0
0
0
0
0
0
0
0
0
0
0
0
0
0
0
0
0
0
0
0
0
0
0
0
0
0
0
0
0
0
0
0
0
0
0
0
0
0
0
0
0
0
0
0
0
0
0
0
0
0
0
0
0
0
0
-912,6398
-897,5859
-804,8129
-311,062
-461,75
-419,6008
0
0
0
0
0
0
0
0
0
-403,8636
-397,3102
-447,3654
-80,26566
-43,23392
-29,93599
0
0
0
0
0
0
0
0
0
0
0
0
0
0
0
0
0
0
0
0
0
0
0
0
0
0
0
0
0
0
0
0
0
0
0
0
0
0
0
0
0
0
0
0
0
-42,43835
-65,20083
0
0
0
0
0
0
0
0
0
0
0
0
0
0
0
0
0
0
0
0
0
0
0
0
0
0
0
0
0
0
0
0
0
0
0
0
0
0
0
0
0
0
0
0
0
0
0
0
0
0
0
0
0
0
0
0
0
0
0
0
0
0
0
0
0
0
0
0
0
0
0
0
0
0
0
0
0
0
0
0
0
0
0
0
0
0
0
0
0
0
0
0
0
0
0
0
0
0
0
0
0
0
0
0
0
0
0
0
0
0
0
0
0
0
0
0
0
0
0
0
0
0
0
0
-626,3467
-628,8782
-556,1146
-114,337
-219,6162
-161,2235
0
0
0
0
0
0
0
0
0
-118,8846
-158,4095
-145,7821
-84,37083
0
0
0
0
0
0
0
0
0
0
0
0
0
0
0
0
0
0
0
0
0
0
0
0
0
0
0
0
0
0
0
0
0
0
0
0
0
0
0
0
0
9,324755
0
-3,201473
-100,8524
-158,015
-219,2873
-76,27233
-67,6172
-99,80009
0
0
0
-0,1140904
-3,185282
0
-0,09617295
0
0
-3,200845
-0,9355316
16,92603
0
0
0
-4,682969
-21,96937
0
-12,76667
-17,75272
-5,617308
-2,117564
-26,76788
-36,36325
-8,950974
12,16009
0
0
0
0
0
0
0
0
0
0
0
0
0
0
0
0
0
0
0
0,4479116
0
0
0
0
0
0
0
0
0
0
0
-27,34237
-5,858473
-27,60499
0,2648581
23,12125
-0,7203481
0
0
0
-0,2812304
-6,124889
0,5460877
-113,8719
-100,2338
-122,217
-11,99907
164,5792
2,485386
0
0
0
0
0
0
0
0
0
0
0
0
0
0
0
0
0
0
0
0
0
0
0
0
0
0
0
0
0
0
0
0
0
0
0
0
0
0
0
0
0
0
0
0
0
2,624171
9,925492
105,6451
-292,4994
-398,1437
-328,2708
0
0
0
0
0
0
0
0
0
0
0
0
-26,23227
-209,9186
0
0
0
0
0
0
0
0
0
0
0
0
0
0
0
0
0
0
0
0
0
0
0
0
0
0
0
0
0
0
0
83,78744
-10,03478
-113,5442
0
0
0
0
0
0
0
0
0
70,85068
-2,24776
-0,3410217
164,8992
-41,32476
-23,6907
22,50911
-52,25147
-51,07099
0
0
0
0
0
0
0
0
0
177,3144
-22,10536
1,697759
1,598412
0
-0,09916034
0
0
0
0
0
0
0
0
0
0
0
0
21,46954
0
0
0
0
0
0
0
0
0
0
0
63,56969
0
0
184,2783
19,83085
23,74445
-15,63744
-33,50557
56,55399
0
0
0
0
0
0
143,3236
-1,273417
2,27816
189,212
-12,49059
72,59083
163,1998
11,94309
69,99452
2,083262
-0,9667209
0
-13,75642
22,77113
0
-6,138928
-4,290152
53,48164
132,3048
128,1022
173,5162
-89,54764
-0,5595819
31,74199
0
0
0
0
0
0
0
0
0
0
2,559637
23,78325
162,3629
-0,04452458
0
93,21197
0
11,6135
0
0
0
25,36746
0
0
220,1788
19,07566
0
187,6775
76,30981
104,7715
183,9641
0
2,413158
0
0
0
67,02942
19,65989
25,05681
187,4895
112,6338
147,7813
197,1425
171,766
210,0731
